9 0.751953 0.138301 0.235156 0.285638
0 0.479980 0.523600 0.241602 0.361515
2 0.704492 0.139912 0.071484 0.117220
8 0.433081 0.364596 0.866650 0.735538
9 0.627734 0.494100 0.267969 0.488978
6 0.668555 0.744554 0.252734 0.363589
1 0.548438 0.248055 0.160156 0.137189
7 0.885547 0.350558 0.152344 0.213304
5 0.494531 0.850622 0.328125 0.275934
8 0.603613 0.365694 0.527148 0.741640
4 0.812891 0.524507 0.183594 0.341027
8 0.188940 0.337090 0.378369 0.679554
1 0.617578 0.216027 0.019531 0.062500
8 0.023694 0.635373 0.045679 0.079876
