8 0.659103 0.323608 0.663122 0.645752
1 0.623185 0.902344 0.072095 0.089063
6 0.417272 0.609375 0.127075 0.102344
9 0.483013 0.571094 0.105550 0.148438
9 0.737811 0.552344 0.167531 0.165625
5 0.289873 0.597070 0.130316 0.107422
0 0.714212 0.593164 0.129668 0.096484
4 0.564575 0.616211 0.125000 0.094922
2 0.391598 0.600000 0.059129 0.042969
3 0.695539 0.619141 0.117220 0.101562
2 0.514263 0.612500 0.060685 0.039062
9 0.083409 0.288086 0.093945 0.037109
3 0.972510 0.650977 0.035270 0.087891
6 0.981068 0.531250 0.022303 0.037500
8 0.064626 0.296875 0.126323 0.058203
3 0.979512 0.460156 0.022303 0.078125
3 0.969139 0.857812 0.037863 0.106250
8 0.064220 0.586523 0.130637 0.642578
6 0.884855 0.646484 0.029046 0.091406
6 0.971732 0.730859 0.037863 0.039844
6 0.971473 0.946094 0.034232 0.045312
6 0.883039 0.861719 0.024378 0.101562
7 0.399637 0.500391 0.082469 0.086719
6 0.892894 0.460156 0.044087 0.065625
8 0.063137 0.419336 0.127617 0.300391
