0 0.568335 0.225146 0.275156 0.173926
1 0.239108 0.258057 0.166494 0.124512
9 0.210893 0.913672 0.425205 0.166406
9 0.139935 0.541016 0.281334 0.224219
8 0.211992 0.708594 0.423008 0.560937
2 0.223353 0.583984 0.140949 0.089844
5 0.637318 0.837500 0.330135 0.217188
7 0.617739 0.523633 0.172199 0.187109
6 0.651841 0.617578 0.294865 0.202344
4 0.647044 0.410742 0.273340 0.187891
3 0.711359 0.227148 0.094917 0.158984
3 0.642894 0.011031 0.209025 0.023862
3 0.209414 0.010493 0.194761 0.031210
8 0.137906 0.541016 0.276056 0.221875
