1 0.628371 0.698242 0.146784 0.134766
0 0.823392 0.586328 0.226660 0.163281
9 0.933091 0.522070 0.112033 0.176172
2 0.262448 0.527539 0.103216 0.065234
8 0.544346 0.278442 0.880187 0.552490
9 0.226530 0.445117 0.175052 0.225391
6 0.351530 0.697656 0.235218 0.171875
7 0.418309 0.466211 0.125519 0.133984
9 0.073167 0.296875 0.148531 0.086328
9 0.057575 0.201514 0.117346 0.049316
8 0.934388 0.521680 0.110477 0.176953
8 0.072927 0.257324 0.147197 0.166602
9 0.059319 0.241406 0.118395 0.033594
5 0.139037 0.678711 0.232300 0.178516
9 0.063614 0.259766 0.127960 0.041406
3 0.840768 0.720703 0.227178 0.167969
8 0.057700 0.201172 0.116316 0.053516
4 0.595695 0.708984 0.225622 0.167187
