8 0.641079 0.374023 0.698133 0.748047
0 0.673755 0.690039 0.136929 0.108203
9 0.422848 0.669531 0.114367 0.160156
6 0.358143 0.710938 0.137967 0.112500
9 0.694243 0.600586 0.159232 0.161328
2 0.329357 0.699219 0.062759 0.048438
5 0.222575 0.698242 0.142505 0.116016
2 0.459803 0.713867 0.066909 0.045703
4 0.515560 0.716211 0.130705 0.103516
8 0.042026 0.386719 0.083869 0.039062
3 0.655861 0.717969 0.128112 0.109375
6 0.862293 0.536719 0.047199 0.087500
6 0.863330 0.741602 0.039938 0.106641
3 0.969658 0.745703 0.042012 0.092969
6 0.970695 0.621094 0.042012 0.042969
3 0.966805 0.545898 0.046680 0.084766
6 0.954616 0.435547 0.070021 0.038281
6 0.968102 0.831641 0.043050 0.046094
6 0.869813 0.957422 0.034232 0.067969
3 0.957728 0.382422 0.059647 0.056250
6 0.887189 0.633398 0.096992 0.095703
9 0.042602 0.387695 0.084532 0.037109
6 0.883299 0.459570 0.076763 0.060547
3 0.968620 0.946875 0.040975 0.060937
