1 0.272497 0.456445 0.230420 0.115234
0 0.617998 0.241846 0.290975 0.191699
8 0.275018 0.447339 0.549548 0.899072
6 0.620591 0.707422 0.306535 0.233594
9 0.271403 0.796094 0.543294 0.201563
2 0.454098 0.762109 0.132780 0.108594
5 0.596732 0.912109 0.344917 0.169531
9 0.319729 0.128961 0.491247 0.231921
4 0.623444 0.472949 0.281120 0.196289
3 0.611385 0.327344 0.280342 0.072656
8 0.287010 0.121393 0.560835 0.247058
6 0.821317 0.005603 0.105290 0.020898
7 0.637707 0.700391 0.295124 0.211719
3 0.614238 0.273926 0.285010 0.184961
