0 0.898340 0.761133 0.183610 0.140234
8 0.520893 0.432031 0.934356 0.864062
2 0.466805 0.760742 0.087656 0.068359
1 0.685944 0.864062 0.154046 0.117188
9 0.260438 0.640039 0.202152 0.205078
9 0.037228 0.646094 0.074273 0.081250
9 0.706432 0.731836 0.213693 0.276953
4 0.695539 0.938672 0.233402 0.108594
9 0.026453 0.534180 0.051930 0.052734
6 0.432702 0.925391 0.249741 0.135156
7 0.338887 0.708984 0.146914 0.130469
8 0.074502 0.579492 0.149492 0.214453
8 0.034152 0.599609 0.068366 0.172656
8 0.076123 0.517969 0.148583 0.089844
8 0.080207 0.726953 0.160903 0.499219
9 0.021088 0.575195 0.042237 0.029297
