8 0.567298 0.459937 0.566649 0.930127
1 0.788641 0.900781 0.093880 0.073438
2 0.563408 0.902734 0.081691 0.058594
9 0.703579 0.724219 0.156120 0.136719
9 0.663641 0.835156 0.172718 0.179688
7 0.333766 0.821875 0.127593 0.098437
0 0.694502 0.750977 0.115145 0.068359
9 0.010051 0.733984 0.020484 0.046094
9 0.022463 0.815430 0.044285 0.069141
8 0.046925 0.732422 0.093910 0.064844
3 0.801867 0.935547 0.212656 0.108594
4 0.594658 0.936719 0.206950 0.104688
6 0.376297 0.934766 0.193465 0.105469
9 0.013122 0.769141 0.022674 0.016406
8 0.047214 0.775000 0.092293 0.151562
8 0.062546 0.844141 0.125946 0.292969
