8 0.637578 0.484155 0.703060 0.970752
0 0.655342 0.686914 0.136411 0.107422
2 0.313019 0.703711 0.059647 0.049609
6 0.317687 0.712500 0.082469 0.109375
9 0.410140 0.868164 0.136670 0.213672
5 0.206561 0.704688 0.139782 0.112500
9 0.691909 0.597656 0.145228 0.160156
4 0.498574 0.714258 0.130446 0.099609
3 0.640560 0.715820 0.128631 0.108203
3 0.961878 0.740625 0.057573 0.098437
3 0.958506 0.542578 0.066390 0.085938
3 0.936981 0.380078 0.078320 0.060156
3 0.969658 0.943359 0.042012 0.063281
1 0.563797 0.992969 0.050830 0.007812
6 0.843880 0.532813 0.046680 0.083594
6 0.871110 0.629492 0.104253 0.091797
8 0.061508 0.625684 0.125946 0.595508
6 0.865405 0.953516 0.043050 0.075781
6 0.848807 0.735938 0.044087 0.101562
6 0.867739 0.457227 0.067427 0.055859
6 0.986255 0.367969 0.014004 0.089063
6 0.960840 0.611719 0.058610 0.042188
6 0.963434 0.824219 0.052386 0.045312
6 0.882002 0.852148 0.093880 0.106641
