8 0.608338 0.354736 0.763615 0.712402
0 0.716286 0.764258 0.144191 0.115234
6 0.389912 0.784180 0.148600 0.114453
2 0.477956 0.789453 0.066390 0.049219
9 0.454227 0.631445 0.169346 0.165234
9 0.733921 0.582031 0.130705 0.085938
5 0.248120 0.769336 0.145358 0.120703
4 0.547977 0.790234 0.142635 0.110156
9 0.023664 0.710547 0.043634 0.061719
8 0.065972 0.420898 0.132189 0.052734
8 0.021820 0.709961 0.041228 0.059766
8 0.065463 0.564941 0.131781 0.342773
3 0.700726 0.796289 0.136929 0.119922
6 0.922977 0.600977 0.055498 0.091797
6 0.926867 0.818164 0.054979 0.116797
