0 0.696188 0.511719 0.434388 0.254688
1 0.549793 0.271973 0.167012 0.132227
2 0.743257 0.487305 0.228216 0.133984
8 0.495689 0.098425 0.789743 0.201978
9 0.850104 0.135010 0.221992 0.210840
8 0.031554 0.097229 0.061308 0.190308
6 0.255981 0.377930 0.384304 0.169141
8 0.860218 0.206458 0.255705 0.413647
9 0.430887 0.009052 0.073392 0.021080
9 0.763745 0.249316 0.080394 0.075586
3 0.628371 0.836914 0.681017 0.310547
2 0.549793 0.271973 0.164938 0.131445
8 0.859959 0.128882 0.255187 0.260205
4 0.340443 0.582422 0.395877 0.280469
