6 0.403916 0.726172 0.112293 0.092969
1 0.337396 0.719141 0.066390 0.070312
4 0.526841 0.712500 0.116442 0.089844
5 0.287344 0.731445 0.101660 0.092578
9 0.647562 0.681641 0.121888 0.067187
7 0.351530 0.935156 0.115405 0.085938
9 0.268543 0.550391 0.126815 0.121094
8 0.495089 0.356494 0.982851 0.704199
3 0.647562 0.712500 0.113589 0.067187
2 0.596992 0.971094 0.050830 0.042188
8 0.031373 0.567578 0.060763 0.196094
2 0.631224 0.688281 0.029046 0.031250
9 0.005821 0.521484 0.010207 0.088281
8 0.029131 0.624609 0.054874 0.312500
9 0.005080 0.546875 0.009161 0.037500
8 0.011919 0.760352 0.019795 0.030078
6 0.816909 0.674414 0.057054 0.084766
6 0.966286 0.929688 0.046680 0.045312
2 0.771006 0.992188 0.083506 0.004687
2 0.758299 0.992188 0.107884 0.006250
