0 0.621484 0.281509 0.157031 0.210840
1 0.396484 0.623444 0.103906 0.231328
2 0.227295 0.581432 0.111035 0.145228
9 0.412793 0.206111 0.177539 0.408317
6 0.400586 0.680757 0.236328 0.313797
9 0.741406 0.156128 0.170313 0.304444
7 0.600586 0.574948 0.177734 0.207988
8 0.474316 0.204479 0.726367 0.408470
5 0.185693 0.738330 0.243457 0.341805
8 0.579395 0.204235 0.514648 0.408958
3 0.837500 0.264652 0.073438 0.121629
3 0.725195 0.029658 0.056641 0.061665
3 0.735938 0.555498 0.168750 0.234440
3 0.854297 0.042312 0.047656 0.078887
4 0.585547 0.616701 0.207813 0.266598
