8 0.378768 0.258765 0.758024 0.512158
1 0.713174 0.459766 0.098548 0.100000
0 0.345890 0.460645 0.206561 0.139648
9 0.680239 0.290234 0.126037 0.230469
6 0.426608 0.710742 0.239108 0.201953
9 0.160156 0.416406 0.250746 0.196875
2 0.532287 0.668555 0.102438 0.059766
5 0.207890 0.764062 0.237228 0.209375
7 0.334414 0.627930 0.127853 0.138672
4 0.621888 0.642578 0.264523 0.188281
3 0.807832 0.574023 0.257780 0.176172
6 0.816390 0.235010 0.132780 0.080371
3 0.833506 0.137256 0.153527 0.082520
3 0.951504 0.299023 0.077282 0.087891
6 0.956432 0.409180 0.067427 0.091797
6 0.897303 0.195264 0.119295 0.047754
