8 0.437322 0.383179 0.838012 0.768799
1 0.094447 0.849609 0.105712 0.061719
0 0.290327 0.817187 0.111774 0.082812
9 0.107608 0.691016 0.111288 0.117969
6 0.103556 0.858594 0.128469 0.096875
9 0.331821 0.709375 0.103994 0.121094
4 0.247990 0.860938 0.125389 0.087500
3 0.537215 0.628906 0.075985 0.056250
3 0.373833 0.857812 0.104512 0.084375
3 0.592583 0.759375 0.091805 0.070312
3 0.653008 0.644922 0.049793 0.046875
3 0.615664 0.924219 0.061203 0.084375
2 0.094820 0.851172 0.106263 0.060156
3 0.931276 0.909766 0.062759 0.041406
7 0.266533 0.750586 0.088304 0.056641
