8 0.419026 0.331494 0.817549 0.658105
1 0.312954 0.773438 0.130835 0.067187
0 0.613849 0.669141 0.153008 0.105469
9 0.671680 0.553711 0.117220 0.162109
9 0.272692 0.580078 0.129409 0.167969
6 0.335516 0.784180 0.165067 0.126953
2 0.242479 0.688867 0.059129 0.048047
7 0.363460 0.651367 0.122147 0.080859
8 0.038789 0.496680 0.079838 0.143359
4 0.510244 0.762305 0.177645 0.119141
3 0.688537 0.737305 0.168568 0.119922
3 0.882780 0.440430 0.127593 0.058203
5 0.165294 0.793945 0.151258 0.126172
6 0.754927 0.451953 0.062759 0.046094
6 0.855550 0.587305 0.087656 0.072266
6 0.945280 0.434180 0.072095 0.058203
6 0.949689 0.791602 0.078838 0.115234
6 0.834025 0.510156 0.113071 0.058594
3 0.959284 0.577539 0.060685 0.068359
6 0.754409 0.408496 0.090768 0.025977
6 0.921421 0.675781 0.138485 0.092969
6 0.920902 0.488672 0.111515 0.028906
