8 0.708895 0.440820 0.563537 0.885547
1 0.746110 0.777734 0.104253 0.053906
9 0.021499 0.781836 0.041869 0.051953
9 0.582339 0.808398 0.160010 0.178516
9 0.085986 0.639062 0.108370 0.054688
6 0.454876 0.855859 0.152490 0.096094
7 0.486385 0.839844 0.103994 0.093750
8 0.095146 0.794922 0.192488 0.386719
2 0.746629 0.777734 0.105290 0.053906
4 0.633299 0.867969 0.151452 0.082812
2 0.524507 0.990625 0.058869 0.007812
9 0.078230 0.701172 0.108192 0.054688
9 0.064866 0.708008 0.133882 0.068359
3 0.789938 0.875781 0.169087 0.096875
5 0.311268 0.839453 0.149767 0.096094
