8 0.514101 0.351758 0.951050 0.707422
0 0.534492 0.788672 0.131224 0.103906
1 0.231457 0.880469 0.074948 0.093750
8 0.818465 0.250732 0.296680 0.337598
6 0.310814 0.894141 0.139263 0.117969
5 0.160302 0.895703 0.130381 0.117969
9 0.230550 0.648828 0.110477 0.116406
2 0.576245 0.704102 0.051867 0.041016
4 0.464601 0.884375 0.145488 0.110937
3 0.609959 0.868359 0.135892 0.110156
9 0.574689 0.532813 0.058091 0.059375
9 0.702282 0.397754 0.070539 0.049023
3 0.820799 0.511133 0.095954 0.064453
3 0.899896 0.671875 0.114108 0.078906
3 0.932054 0.870703 0.078838 0.103906
3 0.967842 0.514844 0.047718 0.060156
6 0.815612 0.875781 0.073133 0.107813
6 0.769969 0.668945 0.064834 0.079297
6 0.952541 0.960938 0.062759 0.056250
3 0.721214 0.667969 0.057573 0.078125
6 0.706432 0.510742 0.054979 0.062891
6 0.919865 0.739844 0.104253 0.042188
6 0.816390 0.765234 0.118257 0.092969
6 0.763226 0.587891 0.090768 0.057813
6 0.845176 0.570312 0.095954 0.030469
3 0.665716 0.529883 0.042012 0.066016
6 0.875000 0.510352 0.047718 0.069141
6 0.974585 0.691406 0.034232 0.042188
6 0.988330 0.743164 0.021266 0.059766
8 0.029699 0.735938 0.062296 0.373437
6 0.867998 0.963672 0.107365 0.055469
6 0.676608 0.598242 0.056535 0.064453
