8 0.662993 0.494897 0.652230 0.988330
6 0.347640 0.902734 0.131483 0.114844
8 0.099307 0.417969 0.197393 0.312500
2 0.596732 0.705664 0.051349 0.040234
9 0.479512 0.926953 0.130187 0.133594
5 0.211035 0.910937 0.122536 0.120313
9 0.024140 0.348438 0.047609 0.067969
3 0.843361 0.499805 0.096473 0.063672
3 0.932054 0.653711 0.112033 0.076172
4 0.433869 0.868750 0.022822 0.054688
3 0.961878 0.853906 0.054461 0.103125
4 0.559129 0.911328 0.035270 0.033594
3 0.640820 0.864062 0.141598 0.114062
8 0.046480 0.814453 0.094669 0.072656
3 0.974585 0.488867 0.025934 0.062109
3 0.753371 0.657227 0.046162 0.073047
9 0.047422 0.814063 0.096676 0.071875
4 0.500000 0.887500 0.151452 0.081250
