1 0.450195 0.683351 0.122266 0.141598
8 0.628027 0.390652 0.736133 0.778862
0 0.587891 0.734959 0.167187 0.238589
6 0.286084 0.578190 0.191504 0.244035
8 0.159033 0.179712 0.317090 0.363087
2 0.453125 0.393024 0.068750 0.079616
9 0.745703 0.639004 0.197656 0.280083
9 0.331250 0.209349 0.143750 0.245202
5 0.170898 0.479642 0.175391 0.228475
4 0.425195 0.683091 0.198047 0.258299
7 0.336230 0.363330 0.102539 0.167012
9 0.281055 0.031132 0.076953 0.060402
3 0.558594 0.845436 0.170313 0.184647
6 0.861719 0.944761 0.087500 0.089730
6 0.960547 0.652230 0.066406 0.194502
