8 0.437889 0.456567 0.542272 0.916553
0 0.584544 0.916797 0.164938 0.094531
9 0.283260 0.792969 0.131613 0.142187
1 0.556535 0.853516 0.099585 0.042969
2 0.317687 0.840234 0.047718 0.038281
9 0.040763 0.775977 0.082503 0.044922
9 0.658195 0.852148 0.102697 0.166016
9 0.050135 0.856641 0.103567 0.071094
7 0.371110 0.941016 0.151452 0.088281
9 0.039858 0.823438 0.080814 0.039062
8 0.049682 0.823828 0.102660 0.141406
6 0.418957 0.967578 0.161566 0.052344
8 0.094509 0.867578 0.189872 0.246094
3 0.785270 0.971875 0.168050 0.043750
