0 0.343164 0.634855 0.148047 0.203320
1 0.678125 0.375259 0.089844 0.133299
8 0.465112 0.236606 0.758838 0.474921
8 0.134265 0.568400 0.269751 0.739756
9 0.755859 0.265495 0.178906 0.339860
9 0.327832 0.345306 0.190430 0.254927
9 0.185156 0.359570 0.124219 0.061981
6 0.436621 0.701245 0.143164 0.236515
2 0.408203 0.398470 0.042188 0.051608
9 0.202930 0.445669 0.113281 0.120591
4 0.597656 0.626037 0.190625 0.250000
9 0.206543 0.402101 0.125586 0.058869
3 0.776563 0.540067 0.231250 0.258039
5 0.290137 0.764782 0.116992 0.195539
9 0.198242 0.430368 0.142969 0.103994
