8 0.575596 0.450537 0.546940 0.909863
0 0.411048 0.788281 0.158195 0.078125
1 0.267311 0.851562 0.103864 0.076563
9 0.595176 0.816406 0.161307 0.173437
9 0.758558 0.761328 0.141598 0.147656
2 0.721214 0.804297 0.059647 0.039844
9 0.019057 0.832031 0.036833 0.057813
9 0.016585 0.755078 0.030789 0.035156
7 0.764263 0.901563 0.161307 0.090625
8 0.058116 0.863281 0.114707 0.254688
8 0.042798 0.747070 0.085047 0.063672
9 0.009305 0.784570 0.016855 0.018359
8 0.019680 0.796875 0.036431 0.120313
2 0.267376 0.851172 0.104253 0.075781
