8 0.588304 0.394312 0.598288 0.798877
1 0.272433 0.838281 0.105031 0.076563
0 0.681535 0.751953 0.145228 0.067187
2 0.563926 0.901953 0.083766 0.057031
9 0.820280 0.714258 0.128112 0.119141
9 0.602697 0.727539 0.209544 0.130859
9 0.021750 0.816406 0.042340 0.068750
9 0.015190 0.744141 0.030564 0.050000
7 0.771006 0.884375 0.161307 0.096875
8 0.062433 0.852930 0.124744 0.275391
6 0.376945 0.935156 0.192687 0.106250
8 0.045952 0.733398 0.093002 0.060547
9 0.012926 0.770117 0.024005 0.013672
3 0.796940 0.938281 0.224585 0.098437
