8 0.577023 0.397778 0.598029 0.810693
1 0.768154 0.903906 0.147303 0.079687
0 0.471603 0.769922 0.147044 0.069531
9 0.709025 0.726172 0.165975 0.153906
7 0.241312 0.889844 0.139263 0.110937
9 0.434518 0.715234 0.165197 0.141406
9 0.014956 0.739258 0.029087 0.041016
9 0.021215 0.822266 0.041789 0.052344
2 0.660788 0.774414 0.052905 0.028516
9 0.010988 0.777734 0.020069 0.031250
6 0.374741 0.933984 0.191909 0.107031
8 0.046036 0.775586 0.091279 0.145703
8 0.061200 0.848437 0.123192 0.284375
8 0.019643 0.782617 0.037607 0.134766
8 0.044898 0.732422 0.090832 0.061719
5 0.179623 0.925000 0.185360 0.112500
2 0.768672 0.904687 0.147303 0.078125
3 0.791494 0.935156 0.226141 0.110937
