8 0.580524 0.449072 0.556795 0.904980
0 0.539549 0.875781 0.180239 0.095312
1 0.745591 0.929688 0.144710 0.076563
9 0.786048 0.816406 0.140560 0.176563
9 0.581950 0.766797 0.148340 0.150781
7 0.220371 0.915625 0.138615 0.117188
2 0.639263 0.833203 0.058610 0.042969
9 0.006590 0.771484 0.013126 0.047656
9 0.013538 0.844922 0.025473 0.047656
6 0.356457 0.949609 0.187500 0.085156
4 0.569891 0.953906 0.195280 0.078125
8 0.050250 0.861719 0.099707 0.253125
2 0.745591 0.930078 0.143672 0.077344
8 0.034941 0.759375 0.071715 0.066406
8 0.036551 0.800391 0.074201 0.147656
