0 0.335254 0.207274 0.257617 0.171032
9 0.719141 0.132566 0.186719 0.268062
1 0.606445 0.232171 0.162891 0.115534
9 0.302441 0.142612 0.295117 0.287910
8 0.483203 0.143070 0.660156 0.284919
9 0.040674 0.136573 0.083301 0.079033
2 0.606445 0.232171 0.162891 0.115016
6 0.383984 0.472251 0.308594 0.211100
9 0.037491 0.219787 0.075897 0.078060
2 0.898438 0.302775 0.089063 0.069761
8 0.039792 0.180757 0.080377 0.167272
5 0.126526 0.432702 0.254761 0.239367
8 0.041370 0.137860 0.081519 0.277185
7 0.898828 0.438148 0.186719 0.263745
7 0.911328 0.401323 0.160156 0.189575
