8 0.620915 0.294556 0.736385 0.586670
6 0.450207 0.745508 0.144710 0.112109
4 0.613589 0.745117 0.152490 0.111328
2 0.755705 0.560156 0.064315 0.046875
8 0.151299 0.162964 0.309435 0.328369
9 0.448262 0.516992 0.135633 0.141797
5 0.299209 0.740820 0.133947 0.118359
9 0.117803 0.053491 0.070669 0.090381
8 0.054495 0.567773 0.109112 0.473828
0 0.800830 0.976953 0.143154 0.032031
1 0.515041 0.962891 0.099585 0.058594
3 0.774896 0.737695 0.147303 0.115234
9 0.872666 0.365234 0.054461 0.049219
7 0.665975 0.711914 0.130705 0.104297
