8 0.569243 0.381201 0.838693 0.759473
0 0.759336 0.745508 0.153527 0.119922
6 0.420902 0.772461 0.147822 0.116016
2 0.512707 0.775391 0.071058 0.053906
9 0.446317 0.669531 0.144710 0.187500
9 0.822095 0.623437 0.168050 0.183594
5 0.267635 0.762305 0.134855 0.125391
4 0.584544 0.775586 0.152490 0.114453
8 0.094204 0.308887 0.190482 0.157617
8 0.062120 0.583008 0.127964 0.334766
8 0.065612 0.446094 0.131224 0.062500
9 0.088823 0.433594 0.088693 0.034375
3 0.744554 0.775391 0.144710 0.124219
8 0.030039 0.707031 0.061421 0.070312
7 0.314704 0.734961 0.111255 0.107422
