1 0.341805 0.325195 0.150934 0.191016
6 0.287831 0.350879 0.315418 0.225586
9 0.853475 0.119489 0.274378 0.195398
0 0.338823 0.724219 0.279305 0.189062
2 0.722510 0.450195 0.103734 0.101172
9 0.421810 0.768359 0.464471 0.274219
8 0.591286 0.799609 0.800830 0.335156
5 0.284135 0.121436 0.312954 0.206738
8 0.852956 0.308105 0.275415 0.575195
7 0.811463 0.195996 0.194502 0.147070
4 0.313148 0.583594 0.305239 0.218750
8 0.590379 0.494531 0.803683 0.942187
8 0.852956 0.116382 0.272303 0.192236
3 0.363265 0.905469 0.301997 0.089063
