8 0.517489 0.366577 0.942200 0.727783
6 0.366183 0.810352 0.151452 0.116797
9 0.275415 0.578516 0.125519 0.160156
2 0.455135 0.816016 0.065353 0.049219
4 0.523470 0.817773 0.141857 0.111328
7 0.398470 0.667578 0.102956 0.097656
5 0.222964 0.796875 0.148470 0.123438
9 0.591157 0.674805 0.127853 0.123828
3 0.678164 0.820898 0.136411 0.119141
0 0.556146 0.685547 0.084803 0.078125
8 0.015781 0.365918 0.030387 0.038477
9 0.032474 0.600586 0.018688 0.033984
8 0.021773 0.667383 0.039701 0.166797
8 0.019576 0.544531 0.036314 0.406250
9 0.021481 0.669336 0.040155 0.165234
9 0.009227 0.734766 0.017432 0.030469
