8 0.383665 0.346216 0.765865 0.691943
0 0.737293 0.787500 0.149896 0.121875
6 0.399637 0.814648 0.148340 0.117578
4 0.566520 0.818359 0.148081 0.114844
2 0.492090 0.817969 0.071317 0.053125
9 0.503371 0.533203 0.104253 0.113281
9 0.254085 0.617578 0.162474 0.147656
7 0.426997 0.668750 0.109699 0.101562
5 0.253955 0.803906 0.145617 0.125000
9 0.022243 0.742969 0.043753 0.062500
6 0.897044 0.424707 0.061722 0.075586
8 0.021937 0.744727 0.045338 0.061328
3 0.724066 0.818359 0.144191 0.122656
6 0.945280 0.603516 0.061722 0.096094
6 0.957988 0.831641 0.064315 0.117969
