8 0.526647 0.412939 0.659362 0.828809
1 0.767635 0.903516 0.146266 0.078906
0 0.462526 0.768164 0.146525 0.074609
9 0.273405 0.753125 0.158065 0.156250
2 0.561074 0.902344 0.084284 0.057813
9 0.519580 0.727930 0.198392 0.151953
9 0.008777 0.739258 0.017294 0.037109
7 0.307119 0.807422 0.093750 0.089844
9 0.020596 0.822266 0.038812 0.052344
9 0.010989 0.778320 0.019645 0.030078
6 0.374222 0.935547 0.192946 0.105469
3 0.790975 0.934375 0.226141 0.112500
8 0.043118 0.776367 0.086481 0.145703
8 0.043519 0.732422 0.088014 0.061719
8 0.019370 0.783398 0.036208 0.133203
