8 0.567298 0.319482 0.841546 0.643848
1 0.319243 0.758594 0.067427 0.078125
6 0.392505 0.769141 0.113330 0.097656
4 0.527490 0.755859 0.119295 0.097656
9 0.294476 0.579688 0.102956 0.121094
5 0.262902 0.771484 0.106976 0.100781
9 0.654305 0.548047 0.122925 0.114844
2 0.441131 0.718750 0.038382 0.042188
3 0.651452 0.743164 0.117220 0.094922
8 0.016661 0.592773 0.032712 0.233203
3 0.866701 0.386523 0.090249 0.066797
3 0.963434 0.931641 0.051349 0.100781
3 0.945280 0.730469 0.072095 0.087500
3 0.929979 0.545312 0.098548 0.078125
6 0.805498 0.543945 0.051867 0.080078
6 0.833506 0.734766 0.059129 0.086719
6 0.878890 0.944922 0.057573 0.092969
9 0.005577 0.517578 0.011116 0.081250
6 0.884336 0.444922 0.085062 0.029687
