8 0.555563 0.368921 0.866053 0.748096
6 0.257975 0.872656 0.131354 0.095312
1 0.259595 0.757422 0.090249 0.054688
5 0.114594 0.871484 0.124805 0.102344
9 0.464990 0.698438 0.088693 0.109375
0 0.494943 0.826953 0.117998 0.089844
9 0.689056 0.233008 0.260892 0.169141
2 0.166623 0.811719 0.061981 0.031250
4 0.396655 0.862891 0.139263 0.094531
9 0.973029 0.911719 0.034232 0.160938
3 0.713434 0.734961 0.093880 0.060547
3 0.754409 0.612305 0.061722 0.045703
3 0.631483 0.602930 0.077282 0.045703
3 0.762189 0.903125 0.061722 0.085938
3 0.530731 0.852344 0.104512 0.089063
