0 0.254863 0.194678 0.275545 0.185645
1 0.660529 0.541211 0.238071 0.119141
9 0.128703 0.166382 0.262045 0.194189
9 0.504409 0.648438 0.427905 0.215625
7 0.425700 0.421484 0.240923 0.203125
8 0.359226 0.418945 0.721382 0.693359
4 0.648859 0.381055 0.281120 0.198828
6 0.653397 0.607031 0.296940 0.218750
5 0.627853 0.842773 0.338693 0.223828
2 0.272433 0.571289 0.144450 0.053516
3 0.634725 0.188525 0.277230 0.173730
8 0.128493 0.165259 0.260649 0.190967
8 0.128031 0.246582 0.263388 0.350586
8 0.359746 0.651367 0.714118 0.221484
