0 0.855550 0.365234 0.269191 0.173437
5 0.107937 0.864062 0.217217 0.254688
6 0.218426 0.708984 0.316260 0.249219
9 0.054567 0.479687 0.106633 0.203125
9 0.105359 0.035184 0.188140 0.079828
2 0.713174 0.521875 0.116183 0.089063
4 0.367220 0.540039 0.298755 0.216797
8 0.054114 0.478711 0.107800 0.202734
2 0.879409 0.958203 0.157158 0.074219
8 0.099494 0.166199 0.197278 0.347290
3 0.547977 0.039648 0.202801 0.086621
3 0.497277 0.380859 0.300052 0.201563
8 0.101416 0.286011 0.197584 0.572510
1 0.042026 0.469531 0.083869 0.175000
