8 0.582274 0.303735 0.810555 0.612842
1 0.356198 0.724219 0.061981 0.073438
6 0.421940 0.736328 0.109959 0.093750
5 0.301673 0.736328 0.103605 0.097656
9 0.681535 0.526953 0.117220 0.117188
9 0.341805 0.551758 0.098548 0.116016
4 0.551219 0.726562 0.113330 0.090625
2 0.471603 0.689453 0.037085 0.039844
3 0.671940 0.717773 0.113589 0.087891
3 0.906898 0.370898 0.089730 0.067578
9 0.031976 0.541992 0.060076 0.071484
8 0.040470 0.544531 0.081794 0.253906
7 0.357235 0.948438 0.119554 0.085938
3 0.950726 0.530469 0.085062 0.071094
2 0.608402 0.990234 0.045643 0.013281
9 0.033113 0.486914 0.068240 0.129297
3 0.969658 0.910156 0.038900 0.095312
3 0.960840 0.711719 0.060685 0.085938
9 0.015192 0.765039 0.028874 0.044141
8 0.041490 0.604688 0.083773 0.372656
3 0.772562 0.525000 0.073133 0.075000
8 0.015020 0.761719 0.027339 0.042969
