8 0.382902 0.358398 0.765316 0.716797
1 0.792012 0.515039 0.113071 0.102734
6 0.602567 0.745703 0.267894 0.217969
5 0.429979 0.851562 0.290456 0.239063
0 0.498314 0.502539 0.201504 0.138672
2 0.693983 0.679297 0.100622 0.055469
9 0.685425 0.401367 0.121888 0.194922
9 0.413382 0.605469 0.221992 0.225781
7 0.304331 0.620703 0.121629 0.133594
4 0.750000 0.638672 0.258299 0.189844
3 0.901971 0.539648 0.165975 0.169922
6 0.851919 0.260449 0.161307 0.084961
6 0.987293 0.398438 0.014004 0.017969
3 0.623185 0.134302 0.038900 0.074756
6 0.623444 0.134766 0.038382 0.073438
6 0.791753 0.087695 0.058610 0.067578
3 0.791494 0.087720 0.059129 0.066748
