0 0.500000 0.356068 0.196875 0.222510
8 0.336719 0.490907 0.673438 0.989140
9 0.150049 0.111239 0.279590 0.229804
2 0.782617 0.106717 0.081641 0.075985
9 0.469043 0.654305 0.404883 0.329357
1 0.977734 0.551608 0.042969 0.189315
5 0.818359 0.785788 0.302344 0.331950
6 0.747461 0.533714 0.228516 0.287344
3 0.570898 0.153122 0.194922 0.177678
7 0.606445 0.555628 0.177734 0.218620
4 0.667969 0.317427 0.179688 0.224585
6 0.079639 0.180692 0.054199 0.071966
6 0.316895 0.052913 0.049805 0.051851
6 0.185840 0.241118 0.026367 0.042661
