8 0.536566 0.428540 0.897822 0.858545
0 0.640820 0.848047 0.127075 0.108594
1 0.339082 0.919922 0.068724 0.091406
2 0.685685 0.764648 0.053942 0.041797
8 0.231435 0.086279 0.461405 0.171582
9 0.543179 0.806055 0.157417 0.108203
8 0.039363 0.669531 0.082451 0.365625
6 0.411177 0.936328 0.130965 0.108594
9 0.631483 0.570312 0.026452 0.048438
9 0.039127 0.639062 0.081367 0.128125
3 0.711618 0.932031 0.131743 0.107813
4 0.565482 0.936719 0.137707 0.104688
5 0.268867 0.930078 0.116312 0.116406
6 0.832988 0.567773 0.061203 0.064453
6 0.894969 0.731250 0.062759 0.085938
6 0.922459 0.940625 0.072095 0.101562
6 0.958506 0.624414 0.065353 0.033203
3 0.947614 0.567773 0.087137 0.068359
6 0.801867 0.645508 0.068465 0.079297
