8 0.564445 0.402979 0.572355 0.812793
2 0.561074 0.896875 0.083247 0.057813
9 0.420902 0.716797 0.146266 0.130469
0 0.679720 0.746094 0.145747 0.055469
9 0.021104 0.817383 0.039676 0.055859
9 0.614886 0.741211 0.211100 0.158203
1 0.472899 0.778906 0.083247 0.059375
6 0.374741 0.928125 0.192427 0.107813
9 0.012927 0.746680 0.025916 0.060547
3 0.792272 0.929688 0.223548 0.107813
8 0.061184 0.852539 0.123223 0.274609
8 0.019161 0.782422 0.036431 0.128906
4 0.590768 0.930859 0.205394 0.105469
2 0.471473 0.780078 0.080394 0.055469
9 0.008220 0.783203 0.014907 0.015625
