8 0.536631 0.382544 0.560555 0.764600
9 0.339082 0.685547 0.093620 0.164844
9 0.647562 0.630859 0.075207 0.104688
5 0.271330 0.855469 0.119684 0.089063
6 0.410918 0.857812 0.144969 0.103125
4 0.556276 0.851562 0.157158 0.092188
0 0.580005 0.769141 0.121110 0.078906
2 0.594658 0.754297 0.043050 0.024219
3 0.691909 0.835938 0.129668 0.071875
1 0.396395 0.848437 0.104512 0.046875
3 0.934129 0.609375 0.062241 0.039062
3 0.801089 0.612891 0.090768 0.046094
3 0.915456 0.739453 0.114108 0.058594
3 0.973548 0.900000 0.034232 0.062500
