8 0.429461 0.392212 0.592324 0.785889
1 0.660270 0.801172 0.121369 0.061719
6 0.306665 0.901953 0.195799 0.111719
9 0.328125 0.701562 0.150285 0.167969
2 0.343231 0.766602 0.047977 0.044922
9 0.005621 0.676172 0.009975 0.035156
9 0.606068 0.593750 0.020228 0.064062
3 0.705654 0.916016 0.196577 0.113281
4 0.510762 0.909766 0.183869 0.105469
8 0.040823 0.672266 0.081218 0.066406
5 0.133161 0.885547 0.203076 0.116406
6 0.902749 0.783398 0.106328 0.055078
6 0.960322 0.769531 0.057573 0.025000
6 0.826763 0.717773 0.070539 0.051953
6 0.931795 0.858594 0.090768 0.076563
2 0.660788 0.801172 0.120332 0.061719
