8 0.569308 0.406030 0.840638 0.806689
1 0.316131 0.664062 0.081950 0.089063
0 0.417012 0.815625 0.152490 0.132812
9 0.601530 0.739453 0.141338 0.144531
9 0.219074 0.574414 0.143802 0.191016
6 0.218653 0.810937 0.185620 0.143750
8 0.038315 0.339551 0.076508 0.280273
5 0.075741 0.782031 0.152459 0.156250
2 0.236579 0.637305 0.043439 0.051953
7 0.563019 0.775977 0.088693 0.105859
4 0.386800 0.831055 0.155342 0.134766
3 0.829876 0.712891 0.082988 0.091406
3 0.817946 0.914062 0.069502 0.107813
3 0.942427 0.572852 0.064315 0.068359
3 0.542142 0.842383 0.131483 0.133984
3 0.826763 0.568359 0.029046 0.027344
