0 0.785270 0.693750 0.162863 0.121094
8 0.659621 0.203723 0.522044 0.408179
6 0.393543 0.830859 0.163122 0.132031
9 0.450596 0.133154 0.088434 0.091504
9 0.053583 0.484570 0.109120 0.053516
2 0.355679 0.820508 0.071836 0.058984
5 0.238265 0.817187 0.155213 0.137500
4 0.568724 0.835938 0.156120 0.125000
2 0.784492 0.829688 0.058610 0.059375
9 0.835581 0.117969 0.063278 0.078711
8 0.082675 0.326172 0.166082 0.124219
8 0.052436 0.613281 0.105969 0.308594
3 0.745591 0.838867 0.156120 0.134766
8 0.020685 0.733203 0.038440 0.058594
7 0.376297 0.692383 0.116701 0.110547
8 0.081573 0.355469 0.163878 0.066406
8 0.053707 0.480664 0.107964 0.054297
